20 386
1 1 2 2 1
1 3 2 4 0
1 5 0 6 2
1 7 0 8 3
1 9 1 10 2
1 11 2 12 0
1 13 2 14 2
1 15 0 16 2
1 17 4 18 0
1 19 0 20 0
1 4 0 9 0
1 8 3 15 2
1 14 2 19 1
1 2 2 13 0
1 10 3 5 1
1 18 1 3 2
1 12 3 1 2
1 20 1 11 3
1 16 6 7 1
1 6 0 17 2
1 15 3 18 1
1 3 2 14 2
1 7 0 4 0
1 17 1 12 0
1 19 1 2 2
1 13 1 16 1
1 5 4 20 2
1 9 1 8 2
1 11 2 6 1
1 1 0 10 3
1 12 2 5 2
1 8 2 3 0
1 6 0 19 2
1 14 1 7 1
1 2 1 17 2
1 16 2 9 1
1 18 0 13 1
1 20 0 1 2
1 4 2 15 3
1 11 2 10 1
1 3 4 2 2
1 8 4 4 1
1 7 0 6 1
1 16 3 5 0
1 9 1 15 2
1 10 1 17 2
1 11 1 1 2
1 14 1 18 3
1 13 1 20 0
1 19 2 12 2
1 12 1 10 2
1 20 4 3 0
1 4 0 16 5
1 6 0 9 0
1 5 1 11 1
1 2 3 7 1
1 17 3 19 0
1 1 1 13 1
1 15 2 14 0
1 18 0 8 0
1 15 2 11 0
1 8 1 17 1
1 14 3 5 0
1 7 0 10 2
1 16 2 12 0
1 9 0 2 2
1 18 3 1 1
1 13 2 19 0
1 4 1 20 2
1 3 2 6 1
1 12 1 18 0
1 20 1 7 1
1 6 0 13 1
1 2 1 14 2
1 1 3 9 2
1 10 1 4 0
1 11 0 3 4
1 5 1 15 5
1 17 0 16 0
1 19 0 8 3
1 3 0 19 0
1 4 4 5 2
1 8 2 1 2
1 7 0 17 1
1 16 5 20 0
1 9 0 12 1
1 18 0 10 1
1 13 0 11 2
1 14 2 6 0
1 15 3 2 1
1 12 1 13 0
1 5 0 3 3
1 2 1 18 1
1 17 4 4 1
1 19 0 9 0
1 11 3 7 0
1 20 0 8 4
1 6 2 15 2
1 1 2 14 1
1 10 0 16 1
1 15 1 17 1
1 3 1 1 2
1 4 0 2 1
1 14 3 12 1
1 9 1 11 0
1 18 4 20 2
1 13 2 10 3
1 8 3 6 1
1 16 6 19 1
1 7 1 5 0
1 4 2 12 1
1 6 0 10 1
1 7 1 18 1
1 2 0 20 0
1 9 2 3 1
1 19 1 11 1
1 15 1 13 1
1 8 0 14 0
1 17 2 5 0
1 16 3 1 1
1 12 1 2 1
1 14 1 4 0
1 5 3 19 2
1 1 0 6 0
1 10 3 8 1
1 11 0 17 3
1 18 0 16 4
1 3 1 15 2
1 13 0 7 2
1 20 1 9 2
1 4 2 13 1
1 6 2 20 0
1 7 1 12 2
1 2 2 11 0
1 16 3 3 1
1 9 0 18 3
1 19 2 1 2
1 15 4 10 2
1 8 2 5 0
1 17 1 14 0
1 3 2 7 1
1 12 3 6 1
1 11 1 16 2
1 18 3 4 1
1 20 1 17 3
1 14 1 9 1
1 5 1 2 1
1 1 2 15 2
1 10 3 19 1
1 13 2 8 1
1 15 1 7 0
1 3 0 17 4
1 20 1 12 0
1 4 1 19 0
1 8 2 16 0
1 2 0 10 2
1 1 4 5 1
1 18 3 6 2
1 9 1 13 2
1 14 2 11 2
1 6 1 2 0
1 5 0 18 2
1 7 0 9 1
1 16 3 14 1
1 10 1 20 0
1 11 3 4 2
1 13 2 3 0
1 12 1 8 2
1 17 3 1 1
1 19 3 15 2
1 13 0 17 2
1 15 3 20 1
1 3 2 12 0
1 4 1 1 5
1 8 0 2 1
1 7 1 19 3
1 16 2 6 3
1 9 0 5 0
1 18 0 11 2
1 14 2 10 6
1 12 1 15 1
1 20 1 14 5
1 6 0 4 0
1 5 1 13 1
1 2 2 16 1
1 17 4 9 0
1 1 3 7 1
1 10 5 3 0
1 11 1 8 2
1 19 1 18 2
1 12 1 14 0
1 5 1 7 0
1 2 0 4 1
1 17 5 15 1
1 10 1 13 3
1 11 1 9 1
1 20 2 18 0
1 6 0 8 1
1 1 4 3 1
1 19 1 16 3
1 15 4 5 1
1 4 0 10 3
1 14 0 2 1
1 3 3 11 3
1 8 0 19 0
1 7 1 20 2
1 9 0 1 2
1 18 2 12 2
1 13 0 6 2
1 16 2 17 1
1 12 0 17 1
1 20 2 5 1
1 4 0 7 0
1 8 2 9 1
1 6 1 11 2
1 2 1 19 2
1 18 1 15 0
1 14 2 3 0
1 10 0 1 1
1 16 3 13 0
1 15 2 8 0
1 3 2 18 0
1 17 4 6 3
1 1 2 12 1
1 9 3 4 0
1 19 2 14 1
1 11 0 20 0
1 13 4 2 3
1 5 1 10 2
1 7 0 16 3
1 15 2 4 1
1 5 4 12 2
1 7 0 14 1
1 1 2 20 2
1 9 2 16 1
1 13 3 18 0
1 3 4 8 0
1 17 1 2 1
1 19 1 6 1
1 10 2 11 1
1 12 0 11 0
1 20 1 19 1
1 4 2 3 0
1 8 5 7 0
1 6 2 5 0
1 14 1 13 3
1 10 1 9 0
1 2 0 1 1
1 16 3 15 1
1 18 1 17 1
1 14 0 16 2
1 12 1 20 3
1 6 1 18 1
1 5 0 1 3
1 7 1 15 2
1 17 3 3 0
1 19 1 4 2
1 11 1 14 0
1 16 6 8 0
1 10 3 2 1
1 13 1 9 1
1 4 1 11 5
1 18 3 5 1
1 3 1 13 1
1 20 2 10 1
1 2 1 6 4
1 9 2 7 0
1 15 2 19 0
1 1 0 17 0
1 4 0 14 3
1 7 1 13 0
1 2 2 12 1
1 9 2 20 0
1 15 5 3 1
1 8 2 10 0
1 6 1 1 3
1 17 5 11 0
1 16 1 18 0
1 19 2 5 0
1 3 0 16 1
1 12 1 7 0
1 20 1 6 3
1 1 3 19 2
1 10 1 15 1
1 18 2 9 0
1 13 2 4 0
1 14 0 17 0
1 5 1 8 2
1 11 2 2 1
1 4 2 18 0
1 6 1 12 2
1 7 0 3 2
1 2 3 5 1
1 16 3 11 1
1 9 3 14 2
1 19 2 10 1
1 15 2 1 0
1 8 1 13 1
1 17 4 20 2
1 3 2 9 2
1 20 1 2 2
1 18 4 7 3
1 14 2 8 0
1 5 1 17 2
1 12 0 19 1
1 20 2 13 0
1 6 2 7 0
1 5 0 16 2
1 2 2 3 0
1 1 2 11 1
1 18 0 14 2
1 4 1 8 2
1 17 2 10 1
1 15 2 9 0
1 11 4 5 1
1 13 2 1 1
1 8 3 12 0
1 16 2 4 0
1 10 2 6 0
1 19 1 17 3
1 3 1 20 3
1 7 1 2 4
1 9 0 6 1
1 14 1 15 0
1 8 2 18 0
1 2 0 9 1
1 12 0 3 5
1 20 2 4 0
1 5 2 14 0
1 1 2 18 1
1 19 3 13 1
1 10 4 7 0
1 6 1 16 3
1 17 2 8 0
1 11 0 15 1
1 12 0 4 2
1 3 0 5 1
1 7 1 11 2
1 16 1 10 0
1 9 3 19 1
1 18 2 2 2
1 13 0 12 0
1 15 2 6 3
1 4 0 17 2
1 14 4 1 0
1 8 2 20 2
1 10 1 12 0
1 11 1 19 1
1 1 0 16 2
1 13 3 15 1
1 17 5 7 0
1 12 1 9 1
1 6 0 14 0
1 5 1 4 0
1 19 3 3 3
1 10 0 18 1
1 11 1 13 2
1 20 0 16 1
1 2 3 15 0
1 1 1 8 1
1 14 2 20 0
1 3 1 10 0
1 4 2 6 3
1 9 2 17 3
1 18 3 19 0
1 13 1 5 0
1 15 1 12 1
1 8 3 11 0
1 7 1 1 1
1 16 1 2 0
1 12 1 16 4
1 20 1 15 3
1 6 5 3 3
1 5 0 9 4
1 2 0 8 0
1 17 2 13 0
1 1 0 4 2
1 19 1 7 1
1 10 2 14 2
1 11 1 18 4
2 19 1 17 0
2 19 1 16 0
2 19 1 15 0
2 8 0 7 0
2 8 0 5 0
2 8 0 4 0
